Position, Score
1, -1.96
2, -2.14
3, -2.29
4, -2.29
5, -2.29
6, -2.25
7, -2.37
8, -2.20
9, -2.14
10, -1.80
11, -1.71
12, -1.53
13, -1.53
14, -1.53
15, -1.34
16, -1.20
17, -1.15
18, -1.30
19, -1.53
20, -1.26
21, -1.09
22, -1.09
23, -1.09
24, -1.09
25, -1.21
26, -1.28
27, -1.15
28, -1.21
29, -1.23
30, -1.60
31, -1.56
32, -1.51
33, -1.49
34, -1.35
35, -1.10
36, -0.93
37, -0.79
38, -0.77
39, -0.82
40, -1.10
41, -1.00
42, -0.78
43, -0.63
44, -0.61
45, -0.32
46, -0.27
47, -0.27
48, -0.23
49, -0.36
50, -0.17
51, 0.08
52, -0.10
53, -0.12
54, -0.16
55, -0.55
56, -0.86
57, -0.73
58, -0.58
59, -0.41
60, -0.03
61, -0.12
62, -0.28
63, -0.28
64, -0.06
65, -0.23
66, -0.09
67, 0.09
68, 0.34
69, 0.60
70, 0.82
71, 0.55
72, 0.41
73, 0.39
74, 0.29
75, 0.42
76, 0.60
77, 0.74
78, 0.58
79, 0.46
80, 0.10
81, 0.20
82, 0.17
83, 0.34
84, -0.07
85, -0.23
86, -0.21
87, -0.53
88, -0.97
89, -0.86
90, -1.23
91, -0.94
92, -0.56
93, -0.67
94, -0.67
95, -0.66
96, -0.79
97, -1.03
98, -1.03
99, -1.04
100, -0.91
101, -0.91
102, -0.78
103, -1.08
104, -0.93
105, -0.54
106, -0.56
107, -0.42
108, -0.22
109, -0.58
110, -0.44
111, -0.69
112, -0.96
113, -0.56
114, -0.47
115, -0.47
116, -0.47
117, -0.52
118, -0.13
119, 0.00
120, -0.03
121, -0.26
122, -0.53
123, -0.40
124, -0.14
125, -0.51
126, -0.38
127, -0.52
128, -0.68
129, -0.55
130, -0.58
131, -0.42
132, -0.37
133, -0.79
134, -0.49
135, -0.48
136, -0.53
137, -0.69
138, -1.07
139, -1.21
140, -1.30
141, -1.48
142, -1.12
143, -0.89
144, -0.93
145, -0.93
146, -1.10
147, -1.09
148, -1.09
149, -1.13
150, -1.29
151, -1.45
152, -1.46
153, -1.13
154, -1.16
155, -0.92
156, -0.92
157, -0.87
158, -0.73
159, -0.87
160, -0.73
161, -0.54
162, -0.92
163, -1.13
164, -1.23
165, -1.12
166, -0.92
167, -0.55
168, -0.42
169, -0.13
170, 0.05
171, -0.10
172, 0.08
173, -0.24
174, -0.60
175, -0.72
176, -0.70
177, -0.54
178, -0.31
179, -0.31
180, -0.06
181, -0.23
182, -0.19
183, -0.24
184, -0.52
185, -0.23
186, -0.58
187, -0.97
188, -0.74
189, -1.12
190, -1.12
191, -0.97
192, -1.12
193, -0.81
194, -0.70
195, -0.56
196, -0.41
197, -0.43
198, -0.84
199, -0.70
200, -1.08
201, -0.75
202, -0.63
203, -0.61
204, -0.22
205, -0.62
206, -0.57
207, -0.19
208, -0.17
209, 0.10
210, 0.07
211, 0.03
212, 0.01
213, -0.33
214, -0.42
215, -0.55
216, -0.69
217, -0.67
218, -0.26
219, -0.10
220, -0.09
221, -0.45
222, -0.22
223, -0.22
224, -0.58
225, -0.20
226, 0.11
227, -0.17
228, -0.41
229, -0.54
230, -0.67
231, -0.69
232, -0.82
233, -0.66
234, -0.68
235, -0.79
236, -0.42
237, -0.31
238, -0.70
239, -0.99
240, -0.75
241, -0.57
242, -0.93
243, -0.67
244, -0.58
245, -1.01
246, -1.31
247, -1.27
248, -1.05
249, -1.23
250, -0.85
251, -0.94
252, -0.56
253, -0.72
254, -0.35
255, -0.35
256, -0.72
257, -0.82
258, -0.51
259, -0.19
260, -0.30
261, -0.43
262, -0.04
263, -0.32
264, -0.14
265, 0.06
266, 0.20
267, 0.20
268, -0.17
269, 0.04
270, -0.18
271, -0.05
272, -0.48
273, -0.08
274, -0.17
275, 0.07
276, 0.05
277, 0.03
278, 0.10
279, -0.23
280, -0.30
281, -0.14
282, -0.39
283, -0.25
284, -0.38
285, -0.44
286, -0.58
287, -0.45
288, -0.13
289, 0.08
290, -0.06
291, -0.20
292, 0.11
293, -0.27
294, -0.15
295, -0.28
296, -0.28
297, -0.44
298, -0.44
299, -0.47
300, -0.55
301, -0.71
302, -0.86
303, -0.77
304, -0.52
305, -0.61
306, -0.25
307, -0.41
308, -0.45
309, -0.43
310, -0.05
311, 0.08
312, -0.18
313, -0.18
314, -0.47
315, -0.34
316, -0.21
317, 0.21
318, 0.23
319, 0.68
320, 0.67
321, 0.78
322, 1.06
323, 0.83
324, 0.43
325, 0.58
326, 0.35
327, 0.61
328, 0.71
329, 0.33
330, 0.26
331, 0.48
332, 0.47
333, 0.62
334, 0.52
335, 0.40
336, 0.44
337, 0.02
338, -0.26
339, -0.29
340, -0.34
341, -0.09
342, -0.26
343, -0.40
344, -0.01
345, 0.22
346, 0.08
347, -0.01
348, -0.11
349, 0.15
350, -0.16
351, -0.13
352, 0.16
353, 0.14
354, 0.29
355, 0.30
356, 0.40
357, 0.53
358, 0.81
359, 0.44
360, 0.44
361, 0.35
362, 0.26
363, 0.37
364, 0.38
365, 0.01
366, -0.04
367, -0.30
368, -0.21
369, -0.52
370, -0.25
371, -0.39
372, -0.65
373, -0.39
374, -0.18
375, -0.06
376, -0.17
377, -0.28
378, -0.67
379, -0.30
380, 0.13
381, 0.16
382, 0.14
383, 0.42
384, 0.30
385, 0.28
386, 0.64
387, 0.80
388, 0.80
389, 1.11
390, 0.80
391, 0.90
392, 1.30
393, 0.90
394, 0.54
395, 0.15
396, -0.00
397, 0.11
398, 0.25
399, 0.15
400, -0.29
401, -0.59
402, -0.41
403, -0.54
404, -0.82
405, -0.51
406, -0.72
407, -0.48
408, -0.86
409, -1.00
410, -0.81
411, -0.91
412, -1.21
413, -1.21
414, -0.95
415, -0.68
416, -0.32
417, -0.32
418, -0.31
419, -0.62
420, -0.26
421, -0.12
422, 0.13
423, -0.16
424, -0.00
425, -0.32
426, -0.03
427, -0.30
428, -0.14
429, 0.04
430, 0.06
431, 0.19
432, 0.46
433, 0.83
434, 0.71
435, 0.44
436, 0.44
437, 0.47
438, 0.46
439, 0.49
440, 0.33
441, 0.14
442, 0.12
443, 0.24
444, 0.21
445, 0.31
446, 0.08
447, 0.22
448, 0.24
449, -0.08
450, -0.08
451, -0.48
452, -0.46
453, -0.46
454, -0.60
455, -0.65
456, -0.63
457, -0.77
458, -0.96
459, -0.79
460, -0.83
461, -0.83
462, -0.95
463, -0.95
464, -0.75
465, -0.76
466, -0.82
467, -1.09
468, -0.94
469, -0.84
470, -1.00
471, -0.86
472, -0.89
473, -1.24
474, -1.23
475, -0.82
476, -0.94
477, -0.63
478, -0.58
479, -0.44
480, -0.42
481, -0.42
482, -0.74
483, -0.84
484, -1.04
485, -1.14
486, -1.23
487, -1.28
488, -1.49
489, -1.44
490, -1.12
491, -1.26
492, -1.52
493, -1.17
494, -1.17
495, -1.27
496, -1.53
497, -1.47
498, -1.10
499, -1.31
500, -1.18
501, -0.82
502, -0.39
503, -0.02
504, -0.12
505, 0.27
506, 0.53
